vehicle_controller:
  ros__parameters:
    vehicle:
      mass: 1948.0
      wheelbase: 2.720
      lf: 1.214
      lr: 1.506
      iz: 2500.0

      aero_a: 45.0
      aero_b: 10.0
      aero_c: 0.518

      max_steer: 0.3490658504
      max_steer_rate: 0.2617993878
      max_pedal_publish: 0.60
      sensor_offset_x: 1.14
      sensor_offset_y: 0.32
      sensor_offset_z: 0.0

      tire:
        front:
          b: 9.5
          c: 1.30
          d: 8000.0
          calpha: 98800.0
        rear:
          b: 10.5
          c: 1.30
          d: 8500.0
          calpha: 116025.0
